timestamp gwafter_x gwafter_y gwafter_z gwbefore_x gwbefore_y gwbefore z
1413393218.305760 -2.588831 7.015070 -6.350028 -7.836863 3.400112 -4.956501 
1413393218.555760 -8.782122 4.106822 -1.498152 -8.829982 4.129203 -1.506317 
1413393218.805760 -0.890400 9.059065 -3.657409 -8.015718 5.417670 0.566133 
1413393219.055760 -nan -nan -nan 0.000000 0.000000 0.000000 
1413393219.405761 -0.873632 9.418695 2.600203 -0.861235 9.488206 2.182861 
1413393219.905761 2.211916 9.492336 1.113148 -0.311849 9.425968 2.503703 
1413393220.105761 0.207047 9.722739 1.289021 -0.189100 9.386363 2.621194 
1413393220.355761 0.229947 9.688713 1.520547 -0.148363 9.387547 2.654836 
1413393220.605761 0.979052 9.670782 1.324214 -0.148018 9.382131 2.678334 
1413393220.855761 1.110995 9.674587 1.184970 -0.157524 9.374404 2.675289 
1413393221.155761 1.948624 9.612019 0.219233 -0.163247 9.366695 2.676002 
1413393221.455760 0.155200 9.602433 2.001326 -0.167520 9.370565 2.675818 
1413393221.705760 -0.011657 9.560198 2.199682 -0.164099 9.367953 2.679025 
1413393222.005760 -0.629591 9.389946 2.769231 -0.150691 9.370669 2.689475 
1413393222.305760 -0.045624 9.563602 2.184382 -0.143409 9.370227 2.686942 
1413393222.655761 -0.300189 9.503556 2.414208 -0.126644 9.370312 2.688466 
1413393222.955760 -0.626180 9.431729 2.624212 -0.100915 9.369287 2.694925 
1413393223.255760 -0.664557 9.419312 2.659144 -0.098088 9.368031 2.695445 
1413393223.605761 -0.718746 9.417313 2.652120 -0.098655 9.368006 2.697432 
1413393223.955760 -0.915820 9.326303 2.901287 -0.118517 9.365951 2.693994 
1413393224.305760 -0.509958 9.447454 2.592613 -0.107392 9.365399 2.694245 
1413393224.655761 -0.663057 9.409397 2.694385 -0.113559 9.368370 2.672416 
1413393225.005760 0.489802 9.523043 2.303880 -0.132281 9.370930 2.674827 
1413393225.355761 0.051637 9.483090 2.510864 -0.116060 9.373658 2.684628 
1413393225.755760 -0.209869 9.464764 2.571052 -0.151820 9.374957 2.663891 
1413393226.155761 0.054321 9.476370 2.536057 -0.112971 9.375573 2.677087 
1413393226.555760 0.019437 9.434736 2.687283 -0.122386 9.370488 2.683186 
1413393227.155761 -0.051140 9.430067 2.703207 -0.123767 9.373028 2.684643 
1413393227.555760 -0.060906 9.430065 2.703012 -0.121945 9.374792 2.690947 
1413393227.955760 -0.044333 9.431400 2.698672 -0.113854 9.375355 2.694463 
1413393228.405761 -0.040922 9.432061 2.696414 -0.122945 9.374490 2.696204 
1413393228.855761 -0.012872 9.431407 2.698984 -0.127668 9.372924 2.697022 
1413393229.205760 -0.023456 9.431942 2.697041 -0.132131 9.372722 2.699043 
1413393229.655761 -0.013883 9.432926 2.693665 -0.131525 9.372650 2.698826 
1413393230.055760 -0.007577 9.432410 2.695492 -0.132217 9.372709 2.699509 
1413393230.555760 -0.012098 9.434249 2.689035 -0.129774 9.372995 2.701006 
1413393231.055760 -0.011324 9.434770 2.687209 -0.103144 9.378230 2.695924 
1413393231.555760 -0.000404 9.437120 2.678967 -0.092752 9.377862 2.699630 
1413393232.055760 0.016007 9.439088 2.671979 -0.096738 9.377038 2.703256 
1413393232.505760 0.013505 9.439119 2.671881 -0.077963 9.378179 2.704112 
1413393232.805760 0.016017 9.440178 2.668124 -0.075565 9.378092 2.706959 
1413393233.105761 0.017050 9.440261 2.667826 -0.071663 9.378856 2.707638 
1413393233.355761 0.018495 9.440540 2.666828 -0.071948 9.378604 2.709210 
1413393233.605761 0.019305 9.440279 2.667746 -0.079709 9.377326 2.712139 
1413393233.805760 0.019180 9.439362 2.670992 -0.071478 9.379132 2.707634 
1413393234.055760 0.017075 9.439252 2.671394 -0.066449 9.380499 2.705143 
1413393234.305760 0.017290 9.439317 2.671163 -0.063653 9.381147 2.703579 
1413393234.555760 0.017078 9.439350 2.671046 -0.060397 9.382282 2.700792 
1413393234.805760 0.016473 9.439245 2.671419 -0.058686 9.381952 2.702162 
1413393235.005760 0.017307 9.439043 2.672130 -0.054880 9.382084 2.703742 
1413393235.255760 0.019836 9.439250 2.671380 -0.059885 9.381279 2.705198 
1413393235.505760 0.020728 9.439573 2.670232 -0.062801 9.380701 2.707531 
1413393235.755760 0.020884 9.439566 2.670259 -0.066262 9.379769 2.709824 
1413393235.955760 0.021028 9.439443 2.670690 -0.067470 9.379070 2.711435 
1413393236.105761 0.020986 9.439363 2.670975 -0.068960 9.378584 2.712578 
1413393236.305760 0.020872 9.439258 2.671346 -0.072882 9.377772 2.714290 
1413393236.555760 0.021229 9.439393 2.670864 -0.075655 9.377063 2.715749 
1413393236.805760 0.021268 9.439418 2.670777 -0.075448 9.376605 2.716921 
1413393237.055760 0.020940 9.439759 2.669571 -0.074458 9.376619 2.716474 
1413393237.305760 0.022532 9.439486 2.670527 -0.075483 9.376863 2.715709 
1413393237.555760 0.023921 9.439603 2.670098 -0.075582 9.377249 2.715128 
1413393237.805760 0.031356 9.440316 2.667500 -0.075430 9.376572 2.715843 
1413393238.155761 0.030759 9.440094 2.668291 -0.075461 9.376090 2.716261 
1413393238.405761 0.038540 9.441532 2.663098 -0.075864 9.375613 2.716516 
1413393238.705760 0.038585 9.441245 2.664116 -0.076402 9.375074 2.716843 
1413393239.005760 0.039701 9.441256 2.664061 -0.076535 9.374777 2.717113 
1413393239.305760 0.039332 9.441435 2.663430 -0.076307 9.375023 2.716594 
1413393239.605761 0.040621 9.443228 2.657050 -0.078122 9.375099 2.716779 
1413393239.855761 0.039205 9.444298 2.653264 -0.078892 9.375109 2.716747 
1413393240.155761 0.037870 9.444851 2.651313 -0.080900 9.374718 2.717575 
1413393240.505760 0.037861 9.444960 2.650927 -0.080564 9.375123 2.717103 
1413393240.855761 0.041362 9.444684 2.651856 -0.080364 9.375136 2.717639 
1413393241.205760 0.041341 9.444389 2.652904 -0.079720 9.375156 2.718285 
1413393241.555760 0.041273 9.443995 2.654312 -0.078398 9.374893 2.719005 
1413393241.905761 0.040909 9.444044 2.654141 -0.076122 9.375029 2.719233 
1413393242.255760 0.041357 9.443949 2.654475 -0.074576 9.374993 2.720071 
1413393242.605761 0.041684 9.443962 2.654423 -0.072067 9.375258 2.720042 
1413393243.005760 0.041471 9.444180 2.653651 -0.070045 9.375170 2.720366 
1413393243.355761 0.041299 9.444243 2.653426 -0.070835 9.374391 2.722440 
1413393243.755760 0.041266 9.443891 2.654683 -0.069072 9.374644 2.722944 
1413393244.155761 0.041797 9.443810 2.654957 -0.067331 9.374630 2.723513 
